00500113
00000000
00000000
00000000
00C00193
00000000
00000000
00000000
FF718393
00000000
00000000
00000000
0023E233
00000000
00000000
00000000
0041F2B3
00000000
00000000
00000000
004282B3
00000000
00000000
00000000
02728863
00000000
00000000
00000000
40420233
00000000
00000000
00000000
00020463
00000000
00000000
00000000
00000293
00000000
00000000
00000000
00120213
00000000
00000000
00000000
005203B3
00000000
00000000
00000000
402383B3
00000000
00000000
00000000
0471AA23
00000000
00000000
00000000
06002103
00000000
00000000
00000000
005104B3
00000000
00000000
00000000
008001EF
00000000
00000000
00000000
00100113
00000000
00000000
00000000
00910133
00000000
00000000
00000000
0221A023
00000000
00000000
00000000
12345A37
00000000
00000000
00000000
00929BB3
00000000
00000000
00000000
41D3D313
00000000
00000000
00000000
017C1663
00000000
00000000
00000000
00910133
00000000
00000000
00000000
00910133
00000000
00000000
00000000
00800AE7
00000000
00000000
00000000
00210063
00000000